A = -7
A = -7, B = -3, A / B = 2.3333333333333335
C = 2.3333333333333335
C^0.5 = 1.5275252316519468

A = -4
A = -4, B = -6, A / B = 0.6666666666666666
C = -4
